0.215685 0.0437058 0.0144906 0.0167969 0.00631002 0.00631002
0.251581 0.0538274 0.0190993 0.016717 0.00677983 0.00677983
0.290109 0.0660157 0.0218111 0.0189502 0.00389013 0.00389013
0.332799 0.0809301 0.0237395 0.0226022 0.00387767 0.00387767
0.382113 0.0997273 0.0267119 0.0259279 0.00476108 0.00476108
0.437838 0.122611 0.0297975 0.0299535 0.00578558 0.00578558
0.502272 0.151478 0.0344804 0.0333022 0.00653571 0.00653571
0.573402 0.18661 0.0378281 0.0390389 0.00828429 0.00828429
0.655961 0.230304 0.0435195 0.043535 0.0105274 0.0105274
0.748086 0.28397 0.0485906 0.0501599 0.0132999 0.0132999
0.853257 0.350532 0.055011 0.0569903 0.0159243 0.0159243
0.974132 0.432271 0.0638844 0.0632586 0.0205809 0.0205809
1.04 0.467771 0.04 0.04 0.0388192 0.0388192
1.10858 0.528996 0.0711866 0.07352 0.0258281 0.0258281
1.14 0.530832 0.04 0.05 0.0374937 0.0374937
1.23 0.600648 0.05 0.05 0.0360389 0.0360389
1.26319 0.651066 0.0810978 0.0835492 0.0329516 0.0329516
1.33 0.692986 0.06 0.05 0.0365799 0.0365799
1.43924 0.797278 0.0924948 0.0953952 0.0406698 0.0406698
1.58 0.89568 0.07 0.07 0.0394847 0.0394847
1.63872 0.978882 0.104087 0.110663 0.0512109 0.0512109
1.72 1.03081 0.08 0.08 0.0419881 0.0419881
1.8671 1.1938 0.117711 0.128278 0.0641472 0.0641472
2.07 1.36863 0.1 0.1 0.0448382 0.0448382
2.13068 1.46411 0.135303 0.147142 0.0814884 0.0814884
2.28 1.58484 0.11 0.11 0.0516094 0.0516094
2.43422 1.79034 0.156397 0.168683 0.102507 0.102507
2.52 1.82807 0.13 0.13 0.0562483 0.0562483
2.77887 2.18569 0.175967 0.199109 0.129133 0.129133
3.17994 2.646 0.201966 0.231867 0.141148 0.141148
3.46 2.94063 0.2 0.19 0.0702765 0.0702765
3.88 3.46763 0.23 0.23 0.0771565 0.0771565
4.36 4.09598 0.28 0.25 0.0840429 0.0840429
4.96 4.90901 0.32 0.32 0.0931669 0.0931669
5.66 5.87969 0.39 0.38 0.106742 0.106742
6.5 7.10486 0.49 0.45 0.122574 0.122574
7.54 8.64533 0.61 0.55 0.142898 0.142898
8.84 10.6024 0.77 0.69 0.169961 0.169961
10.48 13.1902 1.02 0.87 0.217223 0.217223
12.62 16.4333 1.37 1.12 0.291449 0.291449
15.47 21.1628 1.9 1.48 0.426397 0.426397
19.51 27.5589 2.64 2.15 0.673811 0.673811